#This summary information was generated by BeamDyn

# --- Main parameters
Mass:     48301.853 # (kg)
Length:        97.325 # (m)
CG: [      -3.46044E-01,       4.11370E-01,       2.75079E+01] # Blade center of mass (IEC coords) (m) from blade root
JRoot: # 3 x 3 Blade mass moment of inertia at blade root. NOTE: from mass distribution only, missing some important inertial contributions (see PR#1337)
  - [       6.27741E+07,       2.19820E+03,       1.12777E+06]
  - [       2.19820E+03,       6.27903E+07,      -5.00565E+05]
  - [       1.12777E+06,      -5.00565E+05,       4.56655E+04]
GlbPos: [      -1.00943E+01,       4.40873E-16,       1.20345E+02] # Global position vector (IEC coords) of blade root at Initialization
GlbRot: # 3 x 3 Global rotation tensor (IEC coords) at Initialization
  - [      -3.75236E-17,       1.00000E+00,       1.79602E-32]
  - [      -1.00000E+00,      -3.75236E-17,       1.83697E-16]
  - [       1.83697E-16,       1.79602E-32,       1.00000E+00]
RootOri: # 3 x 3 Initial blade orientation tensor (relative to global rotation tensor)
  - [       6.12323E-17,      -1.00000E+00,       1.83697E-16]
  - [       1.00000E+00,       6.12323E-17,      -1.12482E-32]
  - [       0.00000E+00,       1.83697E-16,       1.00000E+00]
GlbCrv: [      -1.52180E-16,      -1.52180E-16,      -1.65685E+00] # Global rotation WM parameters (IEC coords) at Initialization
Gravity: [       0.00000E+00,       0.00000E+00,       0.00000E+00] # Gravity vector (m/s^2) (IEC coords)
Analysis_type:                      "DYNAMIC with quasi-steady-state start"
Rhoinf:     0.00000E+00 # Numerical damping parameter
dt:     1.00000E-03 # Time increment
niter:              10 # Maximum number of iterations in Newton-Raphson solution
tol:     1.00000E-05 # Convergence parameter
n_fact:               5 # Factorization frequency in Newton-Raphson solution
Quadrature_method:                                            Trapezoidal
FE_mesh_refinement_factor:                                              3
Number_of_elements:                                                     1
Number_of_nodes:                                                       11

# --- Initial values and conditions
# Initial position and Weiner-Milenkovic rotation vectors of nodes (IEC coordinate system)
#              X                  Y                  Z                WM_x               WM_y               WM_z       
#      -----------------  -----------------  -----------------  -----------------  -----------------  -----------------
# Element number:    1
Init_Nodes_E1: # 11 x 6
  - [       0.00000E+00,       0.00000E+00,       0.00000E+00,       1.75946E-02,       2.35631E-03,      -2.53407E-01]
  - [       2.90992E-03,       2.36994E-02,       3.19285E+00,      -2.85656E-02,      -2.11527E-03,      -2.47850E-01]
  - [       9.66324E-03,       4.01388E-01,       1.04262E+01,      -6.25273E-02,      -7.01806E-03,      -2.10515E-01]
  - [      -3.38127E-02,       9.20590E-01,       2.10328E+01,      -2.56888E-02,      -9.96929E-03,      -1.39681E-01]
  - [      -2.00070E-01,       8.57794E-01,       3.40695E+01,       3.08002E-02,      -1.56819E-02,      -7.44477E-02]
  - [      -4.96092E-01,       3.11165E-01,       4.83775E+01,       3.65218E-02,      -2.45211E-02,      -3.29861E-02]
  - [      -9.83599E-01,      -5.40298E-03,       6.26855E+01,       7.18675E-03,      -4.73676E-02,       6.23960E-03]
  - [      -1.91639E+00,      -5.82102E-03,       7.57222E+01,      -4.65180E-03,      -1.03406E-01,       4.63029E-02]
  - [      -3.45802E+00,      -2.02807E-02,       8.63288E+01,      -7.48545E-04,      -1.93099E-01,       5.68019E-02]
  - [      -5.19684E+00,      -3.56772E-02,       9.35622E+01,      -8.96343E-03,      -2.83160E-01,       2.71499E-02]
  - [      -6.20622E+00,       5.15060E-03,       9.67550E+01,      -2.08900E-02,      -3.31016E-01,      -2.82663E-03]

# Quadrature points position and rotation vectors
#              X                  Y                  Z                WM_x               WM_y               WM_z       
#      -----------------  -----------------  -----------------  -----------------  -----------------  -----------------
# Element number:    1
Init_QP_E1: # 55 x 6
  - [       0.00000E+00,       0.00000E+00,       0.00000E+00,       1.75946E-02,       2.35631E-03,      -2.53407E-01]
  - [       7.30444E-05,      -4.78559E-03,       3.24645E-01,       1.17513E-02,       1.82478E-03,      -2.53313E-01]
  - [       2.12200E-04,      -7.72149E-03,       6.49291E-01,       6.18615E-03,       1.31030E-03,      -2.53100E-01]
  - [       4.11177E-04,      -8.89590E-03,       9.73936E-01,       8.92055E-04,       8.13143E-04,      -2.52774E-01]
  - [       9.64043E-04,      -6.30461E-03,       1.62297E+00,      -8.90666E-03,      -1.28147E-04,      -2.51801E-01]
  - [       1.68488E-03,       2.32319E-03,       2.27200E+00,      -1.77032E-02,      -9.99003E-04,      -2.50426E-01]
  - [       2.52949E-03,       1.63587E-02,       2.92103E+00,      -2.55496E-02,      -1.80011E-03,      -2.48683E-01]
  - [       3.45559E-03,       3.51910E-02,       3.56961E+00,      -3.24920E-02,      -2.53267E-03,      -2.46603E-01]
  - [       4.42467E-03,       5.82641E-02,       4.21820E+00,      -3.85848E-02,      -3.19971E-03,      -2.44214E-01]
  - [       5.40013E-03,       8.50447E-02,       4.86678E+00,      -4.38754E-02,      -3.80438E-03,      -2.41543E-01]
  - [       7.64573E-03,       1.64914E-01,       6.48700E+00,      -5.38822E-02,      -5.06696E-03,      -2.33811E-01]
  - [       9.24942E-03,       2.57764E-01,       8.10723E+00,      -5.98367E-02,      -6.02830E-03,      -2.24849E-01]
  - [       9.81882E-03,       3.57536E-01,       9.72746E+00,      -6.23569E-02,      -6.75789E-03,      -2.14980E-01]
  - [       9.03752E-03,       4.59037E-01,       1.13463E+01,      -6.20107E-02,      -7.32276E-03,      -2.04490E-01]
  - [       6.65730E-03,       5.58127E-01,       1.29651E+01,      -5.93173E-02,      -7.78435E-03,      -1.93611E-01]
  - [       2.49008E-03,       6.51378E-01,       1.45840E+01,      -5.47460E-02,      -8.19408E-03,      -1.82548E-01]
  - [      -3.60263E-03,       7.36141E-01,       1.62040E+01,      -4.87167E-02,      -8.59317E-03,      -1.71466E-01]
  - [      -1.17037E-02,       8.10291E-01,       1.78240E+01,      -4.16153E-02,      -9.01167E-03,      -1.60519E-01]
  - [      -2.18562E-02,       8.72361E-01,       1.94440E+01,      -3.37843E-02,      -9.46995E-03,      -1.49827E-01]
  - [      -3.40855E-02,       9.21467E-01,       2.10663E+01,      -2.55159E-02,      -9.98037E-03,      -1.39471E-01]
  - [      -4.83552E-02,       9.57031E-01,       2.26886E+01,      -1.70891E-02,      -1.05467E-02,      -1.29542E-01]
  - [      -6.46170E-02,       9.78981E-01,       2.43109E+01,      -8.73718E-03,      -1.11676E-02,      -1.20095E-01]
  - [      -9.25948E-02,       9.87068E-01,       2.67443E+01,       3.22217E-03,      -1.21893E-02,      -1.06903E-01]
  - [      -1.24625E-01,       9.67365E-01,       2.91777E+01,       1.40287E-02,      -1.32964E-02,      -9.49320E-02]
  - [      -1.60407E-01,       9.23160E-01,       3.16111E+01,       2.32866E-02,      -1.44626E-02,      -8.41681E-02]
  - [      -1.99634E-01,       8.58577E-01,       3.40435E+01,       3.07312E-02,      -1.56688E-02,      -7.45446E-02]
  - [      -2.42086E-01,       7.78180E-01,       3.64759E+01,       3.62245E-02,      -1.69110E-02,      -6.59398E-02]
  - [      -2.87618E-01,       6.86764E-01,       3.89083E+01,       3.97311E-02,      -1.82016E-02,      -5.82027E-02]
  - [      -3.36202E-01,       5.89112E-01,       4.13404E+01,       4.13077E-02,      -1.95719E-02,      -5.11599E-02]
  - [      -3.87978E-01,       4.89751E-01,       4.37725E+01,       4.10907E-02,      -2.10720E-02,      -4.46252E-02]
  - [      -4.43274E-01,       3.92805E-01,       4.62047E+01,       3.92809E-02,      -2.27697E-02,      -3.84115E-02]
  - [      -5.02641E-01,       3.01839E-01,       4.86370E+01,       3.61302E-02,      -2.47484E-02,      -3.23402E-02]
  - [      -5.66873E-01,       2.19767E-01,       5.10693E+01,       3.19282E-02,      -2.71060E-02,      -2.62511E-02]
  - [      -6.37047E-01,       1.48754E-01,       5.35016E+01,       2.69881E-02,      -2.99527E-02,      -2.00089E-02]
  - [      -7.14530E-01,       9.01781E-02,       5.59336E+01,       2.16338E-02,      -3.34103E-02,      -1.35119E-02]
  - [      -8.01041E-01,       4.46010E-02,       5.83656E+01,       1.61838E-02,      -3.76124E-02,      -6.69504E-03]
  - [      -8.98642E-01,       1.18114E-02,       6.07976E+01,       1.09403E-02,      -4.27034E-02,       4.62729E-04]
  - [      -1.00969E+00,      -9.12008E-03,       6.32278E+01,       6.17798E-03,      -4.88344E-02,       7.92992E-03]
  - [      -1.13706E+00,      -1.98015E-02,       6.56581E+01,       2.12099E-03,      -5.61747E-02,       1.56352E-02]
  - [      -1.28400E+00,      -2.23383E-02,       6.80883E+01,      -1.05841E-03,      -6.49007E-02,       2.34494E-02]
  - [      -1.45386E+00,      -1.92189E-02,       7.05143E+01,      -3.25250E-03,      -7.51776E-02,       3.11750E-02]
  - [      -1.65096E+00,      -1.31115E-02,       7.29403E+01,      -4.44149E-03,      -8.72082E-02,       3.85851E-02]
  - [      -1.87985E+00,      -6.65048E-03,       7.53663E+01,      -4.68695E-03,      -1.01182E-01,       4.53792E-02]
  - [      -2.14441E+00,      -2.21223E-03,       7.77827E+01,      -4.14974E-03,      -1.17212E-01,       5.11723E-02]
  - [      -2.45091E+00,      -1.56887E-03,       8.01991E+01,      -3.08866E-03,      -1.35520E-01,       5.55650E-02]
  - [      -2.80528E+00,      -5.67718E-03,       8.26154E+01,      -1.86292E-03,      -1.56250E-01,       5.80552E-02]
  - [      -3.20962E+00,      -1.42142E-02,       8.50081E+01,      -9.39854E-04,      -1.79284E-01,       5.80725E-02]
  - [      -3.67387E+00,      -2.54918E-02,       8.74009E+01,      -8.48595E-04,      -2.04899E-01,       5.49935E-02]
  - [      -4.20521E+00,      -3.59415E-02,       8.97936E+01,      -2.21067E-03,      -2.33159E-01,       4.80585E-02]
  - [      -4.63176E+00,      -3.97703E-02,       9.15093E+01,      -4.46076E-03,      -2.55079E-01,       4.02279E-02]
  - [      -5.09973E+00,      -3.72355E-02,       9.32250E+01,      -8.07113E-03,      -2.78407E-01,       2.96013E-02]
  - [      -5.61222E+00,      -2.45418E-02,       9.49407E+01,      -1.33055E-02,      -3.03179E-01,       1.57743E-02]
  - [      -5.80409E+00,      -1.67977E-02,       9.55454E+01,      -1.55859E-02,      -3.12266E-01,       1.00551E-02]
  - [      -6.00204E+00,      -6.98349E-03,       9.61502E+01,      -1.81107E-02,      -3.21543E-01,       3.86200E-03]
  - [      -6.20622E+00,       5.15060E-03,       9.67550E+01,      -2.08900E-02,      -3.31016E-01,      -2.82663E-03]

# Sectional stiffness and mass matrices at quadrature points (in IEC coordinates)
# Quadrature point number:    1
Init_K_QP1: # 6 x 6
  - [    3.59317E+09,   -2.72790E+02,    0.00000E+00,    0.00000E+00,    0.00000E+00,   -4.90592E+07]
  - [   -2.72790E+02,    3.58170E+09,    0.00000E+00,    0.00000E+00,    0.00000E+00,   -2.96526E+03]
  - [    0.00000E+00,    0.00000E+00,    4.67318E+10,    6.58394E+08,    2.68668E+04,    0.00000E+00]
  - [    0.00000E+00,    0.00000E+00,    6.58394E+08,    1.20030E+11,   -3.70109E+04,    0.00000E+00]
  - [    0.00000E+00,    0.00000E+00,    2.68668E+04,   -3.70109E+04,    1.18448E+11,    0.00000E+00]
  - [   -4.90592E+07,   -2.96526E+03,    0.00000E+00,    0.00000E+00,    0.00000E+00,    3.65868E+10]
Init_M_QP1: # 6 x 6
  - [    2.33341E+03,    0.00000E+00,    0.00000E+00,    0.00000E+00,    0.00000E+00,   -3.05123E+01]
  - [    0.00000E+00,    2.33341E+03,    0.00000E+00,    0.00000E+00,    0.00000E+00,   -1.34560E-03]
  - [    0.00000E+00,    0.00000E+00,    2.33341E+03,    3.05123E+01,    1.34560E-03,    0.00000E+00]
  - [    0.00000E+00,    0.00000E+00,    3.05123E+01,    5.99083E+03,   -1.72284E-03,    0.00000E+00]
  - [    0.00000E+00,    0.00000E+00,    1.34560E-03,   -1.72284E-03,    5.91723E+03,    0.00000E+00]
  - [   -3.05123E+01,   -1.34560E-03,    0.00000E+00,    0.00000E+00,    0.00000E+00,    1.19081E+04]
# Quadrature point number:    2
Init_K_QP2: # 6 x 6
  - [    3.57953E+09,   -9.83982E+03,    0.00000E+00,    0.00000E+00,    0.00000E+00,   -4.69039E+07]
  - [   -9.83982E+03,    3.57155E+09,    0.00000E+00,    0.00000E+00,    0.00000E+00,    2.97217E+05]
  - [    0.00000E+00,    0.00000E+00,    4.65989E+10,    6.56506E+08,   -1.36990E+06,    0.00000E+00]
  - [    0.00000E+00,    0.00000E+00,    6.56506E+08,    1.19622E+11,   -1.75709E+07,    0.00000E+00]
  - [    0.00000E+00,    0.00000E+00,   -1.36990E+06,   -1.75709E+07,    1.17953E+11,    0.00000E+00]
  - [   -4.69039E+07,    2.97217E+05,    0.00000E+00,    0.00000E+00,    0.00000E+00,    3.64303E+10]
Init_M_QP2: # 6 x 6
  - [    2.32648E+03,    0.00000E+00,    0.00000E+00,    0.00000E+00,    0.00000E+00,   -2.99575E+01]
  - [    0.00000E+00,    2.32648E+03,    0.00000E+00,    0.00000E+00,    0.00000E+00,    1.47382E-01]
  - [    0.00000E+00,    0.00000E+00,    2.32648E+03,    2.99575E+01,   -1.47382E-01,    0.00000E+00]
  - [    0.00000E+00,    0.00000E+00,    2.99575E+01,    5.97002E+03,   -8.47205E-01,    0.00000E+00]
  - [    0.00000E+00,    0.00000E+00,   -1.47382E-01,   -8.47205E-01,    5.89139E+03,    0.00000E+00]
  - [   -2.99575E+01,    1.47382E-01,    0.00000E+00,    0.00000E+00,    0.00000E+00,    1.18614E+04]
# Quadrature point number:    3
Init_K_QP3: # 6 x 6
  - [    3.56590E+09,   -1.94068E+04,    0.00000E+00,    0.00000E+00,    0.00000E+00,   -4.47486E+07]
  - [   -1.94068E+04,    3.56140E+09,    0.00000E+00,    0.00000E+00,    0.00000E+00,    5.97400E+05]
  - [    0.00000E+00,    0.00000E+00,    4.64660E+10,    6.54618E+08,   -2.76666E+06,    0.00000E+00]
  - [    0.00000E+00,    0.00000E+00,    6.54618E+08,    1.19214E+11,   -3.51047E+07,    0.00000E+00]
  - [    0.00000E+00,    0.00000E+00,   -2.76666E+06,   -3.51047E+07,    1.17458E+11,    0.00000E+00]
  - [   -4.47486E+07,    5.97400E+05,    0.00000E+00,    0.00000E+00,    0.00000E+00,    3.62738E+10]
Init_M_QP3: # 6 x 6
  - [    2.31955E+03,    0.00000E+00,    0.00000E+00,    0.00000E+00,    0.00000E+00,   -2.94027E+01]
  - [    0.00000E+00,    2.31955E+03,    0.00000E+00,    0.00000E+00,    0.00000E+00,    2.96109E-01]
  - [    0.00000E+00,    0.00000E+00,    2.31955E+03,    2.94027E+01,   -2.96109E-01,    0.00000E+00]
  - [    0.00000E+00,    0.00000E+00,    2.94027E+01,    5.94921E+03,   -1.69269E+00,    0.00000E+00]
  - [    0.00000E+00,    0.00000E+00,   -2.96109E-01,   -1.69269E+00,    5.86555E+03,    0.00000E+00]
  - [   -2.94027E+01,    2.96109E-01,    0.00000E+00,    0.00000E+00,    0.00000E+00,    1.18148E+04]
# Quadrature point number:    4
Init_K_QP4: # 6 x 6
  - [    3.55226E+09,   -2.89739E+04,    0.00000E+00,    0.00000E+00,    0.00000E+00,   -4.25933E+07]
  - [   -2.89739E+04,    3.55125E+09,    0.00000E+00,    0.00000E+00,    0.00000E+00,    8.97582E+05]
  - [    0.00000E+00,    0.00000E+00,    4.63331E+10,    6.52730E+08,   -4.16343E+06,    0.00000E+00]
  - [    0.00000E+00,    0.00000E+00,    6.52730E+08,    1.18806E+11,   -5.26386E+07,    0.00000E+00]
  - [    0.00000E+00,    0.00000E+00,   -4.16343E+06,   -5.26386E+07,    1.16963E+11,    0.00000E+00]
  - [   -4.25933E+07,    8.97582E+05,    0.00000E+00,    0.00000E+00,    0.00000E+00,    3.61173E+10]
Init_M_QP4: # 6 x 6
  - [    2.31262E+03,    0.00000E+00,    0.00000E+00,    0.00000E+00,    0.00000E+00,   -2.88479E+01]
  - [    0.00000E+00,    2.31262E+03,    0.00000E+00,    0.00000E+00,    0.00000E+00,    4.44836E-01]
  - [    0.00000E+00,    0.00000E+00,    2.31262E+03,    2.88479E+01,   -4.44836E-01,    0.00000E+00]
  - [    0.00000E+00,    0.00000E+00,    2.88479E+01,    5.92840E+03,   -2.53817E+00,    0.00000E+00]
  - [    0.00000E+00,    0.00000E+00,   -4.44836E-01,   -2.53817E+00,    5.83970E+03,    0.00000E+00]
  - [   -2.88479E+01,    4.44836E-01,    0.00000E+00,    0.00000E+00,    0.00000E+00,    1.17681E+04]
# Quadrature point number:    5
Init_K_QP5: # 6 x 6
  - [    3.07297E+09,    6.94505E+06,    0.00000E+00,    0.00000E+00,    0.00000E+00,   -1.07032E+08]
  - [    6.94505E+06,    3.02244E+09,    0.00000E+00,    0.00000E+00,    0.00000E+00,    7.53937E+06]
  - [    0.00000E+00,    0.00000E+00,    3.86516E+10,    1.15833E+09,   -1.64684E+07,    0.00000E+00]
  - [    0.00000E+00,    0.00000E+00,    1.15833E+09,    9.35776E+10,   -1.39489E+09,    0.00000E+00]
  - [    0.00000E+00,    0.00000E+00,   -1.64684E+07,   -1.39489E+09,    1.02007E+11,    0.00000E+00]
  - [   -1.07032E+08,    7.53937E+06,    0.00000E+00,    0.00000E+00,    0.00000E+00,    3.03926E+10]
Init_M_QP5: # 6 x 6
  - [    1.98515E+03,    0.00000E+00,    0.00000E+00,    0.00000E+00,    0.00000E+00,   -4.86363E+01]
  - [    0.00000E+00,    1.98515E+03,    0.00000E+00,    0.00000E+00,    0.00000E+00,    1.22485E+00]
  - [    0.00000E+00,    0.00000E+00,    1.98515E+03,    4.86363E+01,   -1.22485E+00,    0.00000E+00]
  - [    0.00000E+00,    0.00000E+00,    4.86363E+01,    4.78401E+03,   -6.70214E+01,    0.00000E+00]
  - [    0.00000E+00,    0.00000E+00,   -1.22485E+00,   -6.70214E+01,    5.19020E+03,    0.00000E+00]
  - [   -4.86363E+01,    1.22485E+00,    0.00000E+00,    0.00000E+00,    0.00000E+00,    9.97421E+03]
# Quadrature point number:    6
Init_K_QP6: # 6 x 6
  - [    2.59369E+09,    1.39191E+07,    0.00000E+00,    0.00000E+00,    0.00000E+00,   -1.71471E+08]
  - [    1.39191E+07,    2.49363E+09,    0.00000E+00,    0.00000E+00,    0.00000E+00,    1.41812E+07]
  - [    0.00000E+00,    0.00000E+00,    3.09701E+10,    1.66393E+09,   -2.87733E+07,    0.00000E+00]
  - [    0.00000E+00,    0.00000E+00,    1.66393E+09,    6.83490E+10,   -2.73713E+09,    0.00000E+00]
  - [    0.00000E+00,    0.00000E+00,   -2.87733E+07,   -2.73713E+09,    8.70517E+10,    0.00000E+00]
  - [   -1.71471E+08,    1.41812E+07,    0.00000E+00,    0.00000E+00,    0.00000E+00,    2.46679E+10]
Init_M_QP6: # 6 x 6
  - [    1.65767E+03,    0.00000E+00,    0.00000E+00,    0.00000E+00,    0.00000E+00,   -6.84247E+01]
  - [    0.00000E+00,    1.65767E+03,    0.00000E+00,    0.00000E+00,    0.00000E+00,    2.00486E+00]
  - [    0.00000E+00,    0.00000E+00,    1.65767E+03,    6.84247E+01,   -2.00486E+00,    0.00000E+00]
  - [    0.00000E+00,    0.00000E+00,    6.84247E+01,    3.63962E+03,   -1.31505E+02,    0.00000E+00]
  - [    0.00000E+00,    0.00000E+00,   -2.00486E+00,   -1.31505E+02,    4.54069E+03,    0.00000E+00]
  - [   -6.84247E+01,    2.00486E+00,    0.00000E+00,    0.00000E+00,    0.00000E+00,    8.18031E+03]
# Quadrature point number:    7
Init_K_QP7: # 6 x 6
  - [    2.11440E+09,    2.08931E+07,    0.00000E+00,    0.00000E+00,    0.00000E+00,   -2.35909E+08]
  - [    2.08931E+07,    1.96483E+09,    0.00000E+00,    0.00000E+00,    0.00000E+00,    2.08230E+07]
  - [    0.00000E+00,    0.00000E+00,    2.32886E+10,    2.16953E+09,   -4.10783E+07,    0.00000E+00]
  - [    0.00000E+00,    0.00000E+00,    2.16953E+09,    4.31204E+10,   -4.07938E+09,    0.00000E+00]
  - [    0.00000E+00,    0.00000E+00,   -4.10783E+07,   -4.07938E+09,    7.20961E+10,    0.00000E+00]
  - [   -2.35909E+08,    2.08230E+07,    0.00000E+00,    0.00000E+00,    0.00000E+00,    1.89431E+10]
Init_M_QP7: # 6 x 6
  - [    1.33020E+03,    0.00000E+00,    0.00000E+00,    0.00000E+00,    0.00000E+00,   -8.82131E+01]
  - [    0.00000E+00,    1.33020E+03,    0.00000E+00,    0.00000E+00,    0.00000E+00,    2.78487E+00]
  - [    0.00000E+00,    0.00000E+00,    1.33020E+03,    8.82131E+01,   -2.78487E+00,    0.00000E+00]
  - [    0.00000E+00,    0.00000E+00,    8.82131E+01,    2.49523E+03,   -1.95988E+02,    0.00000E+00]
  - [    0.00000E+00,    0.00000E+00,   -2.78487E+00,   -1.95988E+02,    3.89118E+03,    0.00000E+00]
  - [   -8.82131E+01,    2.78487E+00,    0.00000E+00,    0.00000E+00,    0.00000E+00,    6.38641E+03]
# Quadrature point number:    8
Init_K_QP8: # 6 x 6
  - [    2.09478E+09,    1.57529E+07,    0.00000E+00,    0.00000E+00,    0.00000E+00,   -1.92659E+08]
  - [    1.57529E+07,    1.98422E+09,    0.00000E+00,    0.00000E+00,    0.00000E+00,    2.97786E+07]
  - [    0.00000E+00,    0.00000E+00,    2.28592E+10,    1.92729E+09,   -8.76958E+07,    0.00000E+00]
  - [    0.00000E+00,    0.00000E+00,    1.92729E+09,    4.23501E+10,   -3.85728E+09,    0.00000E+00]
  - [    0.00000E+00,    0.00000E+00,   -8.76958E+07,   -3.85728E+09,    6.83719E+10,    0.00000E+00]
  - [   -1.92659E+08,    2.97786E+07,    0.00000E+00,    0.00000E+00,    0.00000E+00,    1.83133E+10]
Init_M_QP8: # 6 x 6
  - [    1.32049E+03,    0.00000E+00,    0.00000E+00,    0.00000E+00,    0.00000E+00,   -7.21243E+01]
  - [    0.00000E+00,    1.32049E+03,    0.00000E+00,    0.00000E+00,    0.00000E+00,    5.55760E+00]
  - [    0.00000E+00,    0.00000E+00,    1.32049E+03,    7.21243E+01,   -5.55760E+00,    0.00000E+00]
  - [    0.00000E+00,    0.00000E+00,    7.21243E+01,    2.45367E+03,   -1.86402E+02,    0.00000E+00]
  - [    0.00000E+00,    0.00000E+00,   -5.55760E+00,   -1.86402E+02,    3.71444E+03,    0.00000E+00]
  - [   -7.21243E+01,    5.55760E+00,    0.00000E+00,    0.00000E+00,    0.00000E+00,    6.16811E+03]
# Quadrature point number:    9
Init_K_QP9: # 6 x 6
  - [    2.07515E+09,    1.06127E+07,    0.00000E+00,    0.00000E+00,    0.00000E+00,   -1.49409E+08]
  - [    1.06127E+07,    2.00362E+09,    0.00000E+00,    0.00000E+00,    0.00000E+00,    3.87342E+07]
  - [    0.00000E+00,    0.00000E+00,    2.24297E+10,    1.68506E+09,   -1.34313E+08,    0.00000E+00]
  - [    0.00000E+00,    0.00000E+00,    1.68506E+09,    4.15798E+10,   -3.63517E+09,    0.00000E+00]
  - [    0.00000E+00,    0.00000E+00,   -1.34313E+08,   -3.63517E+09,    6.46478E+10,    0.00000E+00]
  - [   -1.49409E+08,    3.87342E+07,    0.00000E+00,    0.00000E+00,    0.00000E+00,    1.76834E+10]
Init_M_QP9: # 6 x 6
  - [    1.31078E+03,    0.00000E+00,    0.00000E+00,    0.00000E+00,    0.00000E+00,   -5.60355E+01]
  - [    0.00000E+00,    1.31078E+03,    0.00000E+00,    0.00000E+00,    0.00000E+00,    8.33033E+00]
  - [    0.00000E+00,    0.00000E+00,    1.31078E+03,    5.60355E+01,   -8.33033E+00,    0.00000E+00]
  - [    0.00000E+00,    0.00000E+00,    5.60355E+01,    2.41212E+03,   -1.76817E+02,    0.00000E+00]
  - [    0.00000E+00,    0.00000E+00,   -8.33033E+00,   -1.76817E+02,    3.53770E+03,    0.00000E+00]
  - [   -5.60355E+01,    8.33033E+00,    0.00000E+00,    0.00000E+00,    0.00000E+00,    5.94982E+03]
# Quadrature point number:   10
Init_K_QP10: # 6 x 6
  - [    2.05553E+09,    5.47249E+06,    0.00000E+00,    0.00000E+00,    0.00000E+00,   -1.06159E+08]
  - [    5.47249E+06,    2.02302E+09,    0.00000E+00,    0.00000E+00,    0.00000E+00,    4.76898E+07]
  - [    0.00000E+00,    0.00000E+00,    2.20003E+10,    1.44283E+09,   -1.80931E+08,    0.00000E+00]
  - [    0.00000E+00,    0.00000E+00,    1.44283E+09,    4.08095E+10,   -3.41307E+09,    0.00000E+00]
  - [    0.00000E+00,    0.00000E+00,   -1.80931E+08,   -3.41307E+09,    6.09236E+10,    0.00000E+00]
  - [   -1.06159E+08,    4.76898E+07,    0.00000E+00,    0.00000E+00,    0.00000E+00,    1.70536E+10]
Init_M_QP10: # 6 x 6
  - [    1.30107E+03,    0.00000E+00,    0.00000E+00,    0.00000E+00,    0.00000E+00,   -3.99467E+01]
  - [    0.00000E+00,    1.30107E+03,    0.00000E+00,    0.00000E+00,    0.00000E+00,    1.11031E+01]
  - [    0.00000E+00,    0.00000E+00,    1.30107E+03,    3.99467E+01,   -1.11031E+01,    0.00000E+00]
  - [    0.00000E+00,    0.00000E+00,    3.99467E+01,    2.37056E+03,   -1.67232E+02,    0.00000E+00]
  - [    0.00000E+00,    0.00000E+00,   -1.11031E+01,   -1.67232E+02,    3.36096E+03,    0.00000E+00]
  - [   -3.99467E+01,    1.11031E+01,    0.00000E+00,    0.00000E+00,    0.00000E+00,    5.73152E+03]
# Quadrature point number:   11
Init_K_QP11: # 6 x 6
  - [    1.80174E+09,    8.38931E+07,    0.00000E+00,    0.00000E+00,    0.00000E+00,    7.25918E+07]
  - [    8.38931E+07,    1.89924E+09,    0.00000E+00,    0.00000E+00,    0.00000E+00,    9.80679E+07]
  - [    0.00000E+00,    0.00000E+00,    2.05974E+10,    2.49393E+08,   -3.34049E+08,    0.00000E+00]
  - [    0.00000E+00,    0.00000E+00,    2.49393E+08,    3.80031E+10,   -2.96573E+09,    0.00000E+00]
  - [    0.00000E+00,    0.00000E+00,   -3.34049E+08,   -2.96573E+09,    5.02712E+10,    0.00000E+00]
  - [    7.25918E+07,    9.80679E+07,    0.00000E+00,    0.00000E+00,    0.00000E+00,    1.42018E+10]
Init_M_QP11: # 6 x 6
  - [    1.21717E+03,    0.00000E+00,    0.00000E+00,    0.00000E+00,    0.00000E+00,    2.01103E+01]
  - [    0.00000E+00,    1.21717E+03,    0.00000E+00,    0.00000E+00,    0.00000E+00,    2.03580E+01]
  - [    0.00000E+00,    0.00000E+00,    1.21717E+03,   -2.01103E+01,   -2.03580E+01,    0.00000E+00]
  - [    0.00000E+00,    0.00000E+00,   -2.01103E+01,    2.20512E+03,   -1.62058E+02,    0.00000E+00]
  - [    0.00000E+00,    0.00000E+00,   -2.03580E+01,   -1.62058E+02,    2.78194E+03,    0.00000E+00]
  - [    2.01103E+01,    2.03580E+01,    0.00000E+00,    0.00000E+00,    0.00000E+00,    4.98706E+03]
# Quadrature point number:   12
Init_K_QP12: # 6 x 6
  - [    1.54795E+09,    1.62314E+08,    0.00000E+00,    0.00000E+00,    0.00000E+00,    2.51342E+08]
  - [    1.62314E+08,    1.77546E+09,    0.00000E+00,    0.00000E+00,    0.00000E+00,    1.48446E+08]
  - [    0.00000E+00,    0.00000E+00,    1.91945E+10,   -9.44042E+08,   -4.87167E+08,    0.00000E+00]
  - [    0.00000E+00,    0.00000E+00,   -9.44042E+08,    3.51966E+10,   -2.51840E+09,    0.00000E+00]
  - [    0.00000E+00,    0.00000E+00,   -4.87167E+08,   -2.51840E+09,    3.96189E+10,    0.00000E+00]
  - [    2.51342E+08,    1.48446E+08,    0.00000E+00,    0.00000E+00,    0.00000E+00,    1.13500E+10]
Init_M_QP12: # 6 x 6
  - [    1.13327E+03,    0.00000E+00,    0.00000E+00,    0.00000E+00,    0.00000E+00,    8.01672E+01]
  - [    0.00000E+00,    1.13327E+03,    0.00000E+00,    0.00000E+00,    0.00000E+00,    2.96129E+01]
  - [    0.00000E+00,    0.00000E+00,    1.13327E+03,   -8.01672E+01,   -2.96129E+01,    0.00000E+00]
  - [    0.00000E+00,    0.00000E+00,   -8.01672E+01,    2.03967E+03,   -1.56884E+02,    0.00000E+00]
  - [    0.00000E+00,    0.00000E+00,   -2.96129E+01,   -1.56884E+02,    2.20293E+03,    0.00000E+00]
  - [    8.01672E+01,    2.96129E+01,    0.00000E+00,    0.00000E+00,    0.00000E+00,    4.24260E+03]
# Quadrature point number:   13
Init_K_QP13: # 6 x 6
  - [    1.29416E+09,    2.40734E+08,    0.00000E+00,    0.00000E+00,    0.00000E+00,    4.30092E+08]
  - [    2.40734E+08,    1.65168E+09,    0.00000E+00,    0.00000E+00,    0.00000E+00,    1.98824E+08]
  - [    0.00000E+00,    0.00000E+00,    1.77916E+10,   -2.13748E+09,   -6.40286E+08,    0.00000E+00]
  - [    0.00000E+00,    0.00000E+00,   -2.13748E+09,    3.23902E+10,   -2.07107E+09,    0.00000E+00]
  - [    0.00000E+00,    0.00000E+00,   -6.40286E+08,   -2.07107E+09,    2.89665E+10,    0.00000E+00]
  - [    4.30092E+08,    1.98824E+08,    0.00000E+00,    0.00000E+00,    0.00000E+00,    8.49818E+09]
Init_M_QP13: # 6 x 6
  - [    1.04938E+03,    0.00000E+00,    0.00000E+00,    0.00000E+00,    0.00000E+00,    1.40224E+02]
  - [    0.00000E+00,    1.04938E+03,    0.00000E+00,    0.00000E+00,    0.00000E+00,    3.88679E+01]
  - [    0.00000E+00,    0.00000E+00,    1.04938E+03,   -1.40224E+02,   -3.88679E+01,    0.00000E+00]
  - [    0.00000E+00,    0.00000E+00,   -1.40224E+02,    1.87423E+03,   -1.51710E+02,    0.00000E+00]
  - [    0.00000E+00,    0.00000E+00,   -3.88679E+01,   -1.51710E+02,    1.62391E+03,    0.00000E+00]
  - [    1.40224E+02,    3.88679E+01,    0.00000E+00,    0.00000E+00,    0.00000E+00,    3.49814E+03]
# Quadrature point number:   14
Init_K_QP14: # 6 x 6
  - [    1.08680E+09,    1.78699E+08,    0.00000E+00,    0.00000E+00,    0.00000E+00,    4.81546E+08]
  - [    1.78699E+08,    1.55757E+09,    0.00000E+00,    0.00000E+00,    0.00000E+00,    1.94633E+08]
  - [    0.00000E+00,    0.00000E+00,    1.70066E+10,   -3.07736E+09,   -6.66286E+08,    0.00000E+00]
  - [    0.00000E+00,    0.00000E+00,   -3.07736E+09,    3.25122E+10,   -1.73812E+09,    0.00000E+00]
  - [    0.00000E+00,    0.00000E+00,   -6.66286E+08,   -1.73812E+09,    2.41670E+10,    0.00000E+00]
  - [    4.81546E+08,    1.94633E+08,    0.00000E+00,    0.00000E+00,    0.00000E+00,    7.02861E+09]
Init_M_QP14: # 6 x 6
  - [    9.98423E+02,    0.00000E+00,    0.00000E+00,    0.00000E+00,    0.00000E+00,    1.86630E+02]
  - [    0.00000E+00,    9.98423E+02,    0.00000E+00,    0.00000E+00,    0.00000E+00,    4.08737E+01]
  - [    0.00000E+00,    0.00000E+00,    9.98423E+02,   -1.86630E+02,   -4.08737E+01,    0.00000E+00]
  - [    0.00000E+00,    0.00000E+00,   -1.86630E+02,    1.89947E+03,   -1.25259E+02,    0.00000E+00]
  - [    0.00000E+00,    0.00000E+00,   -4.08737E+01,   -1.25259E+02,    1.33693E+03,    0.00000E+00]
  - [    1.86630E+02,    4.08737E+01,    0.00000E+00,    0.00000E+00,    0.00000E+00,    3.23640E+03]
# Quadrature point number:   15
Init_K_QP15: # 6 x 6
  - [    8.79435E+08,    1.16664E+08,    0.00000E+00,    0.00000E+00,    0.00000E+00,    5.33000E+08]
  - [    1.16664E+08,    1.46345E+09,    0.00000E+00,    0.00000E+00,    0.00000E+00,    1.90443E+08]
  - [    0.00000E+00,    0.00000E+00,    1.62217E+10,   -4.01724E+09,   -6.92287E+08,    0.00000E+00]
  - [    0.00000E+00,    0.00000E+00,   -4.01724E+09,    3.26341E+10,   -1.40517E+09,    0.00000E+00]
  - [    0.00000E+00,    0.00000E+00,   -6.92287E+08,   -1.40517E+09,    1.93676E+10,    0.00000E+00]
  - [    5.33000E+08,    1.90443E+08,    0.00000E+00,    0.00000E+00,    0.00000E+00,    5.55904E+09]
Init_M_QP15: # 6 x 6
  - [    9.47471E+02,    0.00000E+00,    0.00000E+00,    0.00000E+00,    0.00000E+00,    2.33035E+02]
  - [    0.00000E+00,    9.47471E+02,    0.00000E+00,    0.00000E+00,    0.00000E+00,    4.28795E+01]
  - [    0.00000E+00,    0.00000E+00,    9.47471E+02,   -2.33035E+02,   -4.28795E+01,    0.00000E+00]
  - [    0.00000E+00,    0.00000E+00,   -2.33035E+02,    1.92471E+03,   -9.88086E+01,    0.00000E+00]
  - [    0.00000E+00,    0.00000E+00,   -4.28795E+01,   -9.88086E+01,    1.04995E+03,    0.00000E+00]
  - [    2.33035E+02,    4.28795E+01,    0.00000E+00,    0.00000E+00,    0.00000E+00,    2.97466E+03]
# Quadrature point number:   16
Init_K_QP16: # 6 x 6
  - [    6.72071E+08,    5.46295E+07,    0.00000E+00,    0.00000E+00,    0.00000E+00,    5.84454E+08]
  - [    5.46295E+07,    1.36934E+09,    0.00000E+00,    0.00000E+00,    0.00000E+00,    1.86252E+08]
  - [    0.00000E+00,    0.00000E+00,    1.54367E+10,   -4.95712E+09,   -7.18288E+08,    0.00000E+00]
  - [    0.00000E+00,    0.00000E+00,   -4.95712E+09,    3.27561E+10,   -1.07222E+09,    0.00000E+00]
  - [    0.00000E+00,    0.00000E+00,   -7.18288E+08,   -1.07222E+09,    1.45682E+10,    0.00000E+00]
  - [    5.84454E+08,    1.86252E+08,    0.00000E+00,    0.00000E+00,    0.00000E+00,    4.08947E+09]
Init_M_QP16: # 6 x 6
  - [    8.96519E+02,    0.00000E+00,    0.00000E+00,    0.00000E+00,    0.00000E+00,    2.79441E+02]
  - [    0.00000E+00,    8.96519E+02,    0.00000E+00,    0.00000E+00,    0.00000E+00,    4.48854E+01]
  - [    0.00000E+00,    0.00000E+00,    8.96519E+02,   -2.79441E+02,   -4.48854E+01,    0.00000E+00]
  - [    0.00000E+00,    0.00000E+00,   -2.79441E+02,    1.94995E+03,   -7.23579E+01,    0.00000E+00]
  - [    0.00000E+00,    0.00000E+00,   -4.48854E+01,   -7.23579E+01,    7.62974E+02,    0.00000E+00]
  - [    2.79441E+02,    4.48854E+01,    0.00000E+00,    0.00000E+00,    0.00000E+00,    2.71292E+03]
# Quadrature point number:   17
Init_K_QP17: # 6 x 6
  - [    6.20281E+08,    4.02895E+07,    0.00000E+00,    0.00000E+00,    0.00000E+00,    5.74931E+08]
  - [    4.02895E+07,    1.22885E+09,    0.00000E+00,    0.00000E+00,    0.00000E+00,    1.53835E+08]
  - [    0.00000E+00,    0.00000E+00,    1.46148E+10,   -5.33388E+09,   -6.48763E+08,    0.00000E+00]
  - [    0.00000E+00,    0.00000E+00,   -5.33388E+09,    3.27595E+10,   -8.20002E+08,    0.00000E+00]
  - [    0.00000E+00,    0.00000E+00,   -6.48763E+08,   -8.20002E+08,    1.28207E+10,    0.00000E+00]
  - [    5.74931E+08,    1.53835E+08,    0.00000E+00,    0.00000E+00,    0.00000E+00,    3.62503E+09]
Init_M_QP17: # 6 x 6
  - [    8.55450E+02,    0.00000E+00,    0.00000E+00,    0.00000E+00,    0.00000E+00,    2.96787E+02]
  - [    0.00000E+00,    8.55450E+02,    0.00000E+00,    0.00000E+00,    0.00000E+00,    4.10874E+01]
  - [    0.00000E+00,    0.00000E+00,    8.55450E+02,   -2.96787E+02,   -4.10874E+01,    0.00000E+00]
  - [    0.00000E+00,    0.00000E+00,   -2.96787E+02,    1.95246E+03,   -5.53499E+01,    0.00000E+00]
  - [    0.00000E+00,    0.00000E+00,   -4.10874E+01,   -5.53499E+01,    6.72443E+02,    0.00000E+00]
  - [    2.96787E+02,    4.10874E+01,    0.00000E+00,    0.00000E+00,    0.00000E+00,    2.62490E+03]
# Quadrature point number:   18
Init_K_QP18: # 6 x 6
  - [    5.68491E+08,    2.59496E+07,    0.00000E+00,    0.00000E+00,    0.00000E+00,    5.65407E+08]
  - [    2.59496E+07,    1.08835E+09,    0.00000E+00,    0.00000E+00,    0.00000E+00,    1.21419E+08]
  - [    0.00000E+00,    0.00000E+00,    1.37928E+10,   -5.71065E+09,   -5.79239E+08,    0.00000E+00]
  - [    0.00000E+00,    0.00000E+00,   -5.71065E+09,    3.27629E+10,   -5.67787E+08,    0.00000E+00]
  - [    0.00000E+00,    0.00000E+00,   -5.79239E+08,   -5.67787E+08,    1.10731E+10,    0.00000E+00]
  - [    5.65407E+08,    1.21419E+08,    0.00000E+00,    0.00000E+00,    0.00000E+00,    3.16058E+09]
Init_M_QP18: # 6 x 6
  - [    8.14381E+02,    0.00000E+00,    0.00000E+00,    0.00000E+00,    0.00000E+00,    3.14134E+02]
  - [    0.00000E+00,    8.14381E+02,    0.00000E+00,    0.00000E+00,    0.00000E+00,    3.72895E+01]
  - [    0.00000E+00,    0.00000E+00,    8.14381E+02,   -3.14134E+02,   -3.72895E+01,    0.00000E+00]
  - [    0.00000E+00,    0.00000E+00,   -3.14134E+02,    1.95497E+03,   -3.83419E+01,    0.00000E+00]
  - [    0.00000E+00,    0.00000E+00,   -3.72895E+01,   -3.83419E+01,    5.81912E+02,    0.00000E+00]
  - [    3.14134E+02,    3.72895E+01,    0.00000E+00,    0.00000E+00,    0.00000E+00,    2.53689E+03]
# Quadrature point number:   19
Init_K_QP19: # 6 x 6
  - [    5.16701E+08,    1.16096E+07,    0.00000E+00,    0.00000E+00,    0.00000E+00,    5.55884E+08]
  - [    1.16096E+07,    9.47862E+08,    0.00000E+00,    0.00000E+00,    0.00000E+00,    8.90018E+07]
  - [    0.00000E+00,    0.00000E+00,    1.29709E+10,   -6.08742E+09,   -5.09715E+08,    0.00000E+00]
  - [    0.00000E+00,    0.00000E+00,   -6.08742E+09,    3.27664E+10,   -3.15573E+08,    0.00000E+00]
  - [    0.00000E+00,    0.00000E+00,   -5.09715E+08,   -3.15573E+08,    9.32559E+09,    0.00000E+00]
  - [    5.55884E+08,    8.90018E+07,    0.00000E+00,    0.00000E+00,    0.00000E+00,    2.69613E+09]
Init_M_QP19: # 6 x 6
  - [    7.73312E+02,    0.00000E+00,    0.00000E+00,    0.00000E+00,    0.00000E+00,    3.31480E+02]
  - [    0.00000E+00,    7.73312E+02,    0.00000E+00,    0.00000E+00,    0.00000E+00,    3.34916E+01]
  - [    0.00000E+00,    0.00000E+00,    7.73312E+02,   -3.31480E+02,   -3.34916E+01,    0.00000E+00]
  - [    0.00000E+00,    0.00000E+00,   -3.31480E+02,    1.95749E+03,   -2.13339E+01,    0.00000E+00]
  - [    0.00000E+00,    0.00000E+00,   -3.34916E+01,   -2.13339E+01,    4.91381E+02,    0.00000E+00]
  - [    3.31480E+02,    3.34916E+01,    0.00000E+00,    0.00000E+00,    0.00000E+00,    2.44887E+03]
# Quadrature point number:   20
Init_K_QP20: # 6 x 6
  - [    4.96294E+08,    8.16971E+06,    0.00000E+00,    0.00000E+00,    0.00000E+00,    5.47806E+08]
  - [    8.16971E+06,    8.15430E+08,    0.00000E+00,    0.00000E+00,    0.00000E+00,    7.28692E+07]
  - [    0.00000E+00,    0.00000E+00,    1.22058E+10,   -6.06025E+09,   -4.19642E+08,    0.00000E+00]
  - [    0.00000E+00,    0.00000E+00,   -6.06025E+09,    3.09784E+10,   -2.42896E+08,    0.00000E+00]
  - [    0.00000E+00,    0.00000E+00,   -4.19642E+08,   -2.42896E+08,    8.51921E+09,    0.00000E+00]
  - [    5.47806E+08,    7.28692E+07,    0.00000E+00,    0.00000E+00,    0.00000E+00,    2.41661E+09]
Init_M_QP20: # 6 x 6
  - [    7.32062E+02,    0.00000E+00,    0.00000E+00,    0.00000E+00,    0.00000E+00,    3.31275E+02]
  - [    0.00000E+00,    7.32062E+02,    0.00000E+00,    0.00000E+00,    0.00000E+00,    2.83930E+01]
  - [    0.00000E+00,    0.00000E+00,    7.32062E+02,   -3.31275E+02,   -2.83930E+01,    0.00000E+00]
  - [    0.00000E+00,    0.00000E+00,   -3.31275E+02,    1.85063E+03,   -1.61217E+01,    0.00000E+00]
  - [    0.00000E+00,    0.00000E+00,   -2.83930E+01,   -1.61217E+01,    4.49482E+02,    0.00000E+00]
  - [    3.31275E+02,    2.83930E+01,    0.00000E+00,    0.00000E+00,    0.00000E+00,    2.30011E+03]
# Quadrature point number:   21
Init_K_QP21: # 6 x 6
  - [    4.75886E+08,    4.72984E+06,    0.00000E+00,    0.00000E+00,    0.00000E+00,    5.39728E+08]
  - [    4.72984E+06,    6.82999E+08,    0.00000E+00,    0.00000E+00,    0.00000E+00,    5.67366E+07]
  - [    0.00000E+00,    0.00000E+00,    1.14406E+10,   -6.03308E+09,   -3.29569E+08,    0.00000E+00]
  - [    0.00000E+00,    0.00000E+00,   -6.03308E+09,    2.91904E+10,   -1.70220E+08,    0.00000E+00]
  - [    0.00000E+00,    0.00000E+00,   -3.29569E+08,   -1.70220E+08,    7.71284E+09,    0.00000E+00]
  - [    5.39728E+08,    5.67366E+07,    0.00000E+00,    0.00000E+00,    0.00000E+00,    2.13710E+09]
Init_M_QP21: # 6 x 6
  - [    6.90812E+02,    0.00000E+00,    0.00000E+00,    0.00000E+00,    0.00000E+00,    3.31069E+02]
  - [    0.00000E+00,    6.90812E+02,    0.00000E+00,    0.00000E+00,    0.00000E+00,    2.32944E+01]
  - [    0.00000E+00,    0.00000E+00,    6.90812E+02,   -3.31069E+02,   -2.32944E+01,    0.00000E+00]
  - [    0.00000E+00,    0.00000E+00,   -3.31069E+02,    1.74376E+03,   -1.09096E+01,    0.00000E+00]
  - [    0.00000E+00,    0.00000E+00,   -2.32944E+01,   -1.09096E+01,    4.07583E+02,    0.00000E+00]
  - [    3.31069E+02,    2.32944E+01,    0.00000E+00,    0.00000E+00,    0.00000E+00,    2.15135E+03]
# Quadrature point number:   22
Init_K_QP22: # 6 x 6
  - [    4.55478E+08,    1.28997E+06,    0.00000E+00,    0.00000E+00,    0.00000E+00,    5.31651E+08]
  - [    1.28997E+06,    5.50568E+08,    0.00000E+00,    0.00000E+00,    0.00000E+00,    4.06040E+07]
  - [    0.00000E+00,    0.00000E+00,    1.06755E+10,   -6.00591E+09,   -2.39496E+08,    0.00000E+00]
  - [    0.00000E+00,    0.00000E+00,   -6.00591E+09,    2.74025E+10,   -9.75435E+07,    0.00000E+00]
  - [    0.00000E+00,    0.00000E+00,   -2.39496E+08,   -9.75435E+07,    6.90646E+09,    0.00000E+00]
  - [    5.31651E+08,    4.06040E+07,    0.00000E+00,    0.00000E+00,    0.00000E+00,    1.85758E+09]
Init_M_QP22: # 6 x 6
  - [    6.49562E+02,    0.00000E+00,    0.00000E+00,    0.00000E+00,    0.00000E+00,    3.30864E+02]
  - [    0.00000E+00,    6.49562E+02,    0.00000E+00,    0.00000E+00,    0.00000E+00,    1.81959E+01]
  - [    0.00000E+00,    0.00000E+00,    6.49562E+02,   -3.30864E+02,   -1.81959E+01,    0.00000E+00]
  - [    0.00000E+00,    0.00000E+00,   -3.30864E+02,    1.63690E+03,   -5.69743E+00,    0.00000E+00]
  - [    0.00000E+00,    0.00000E+00,   -1.81959E+01,   -5.69743E+00,    3.65684E+02,    0.00000E+00]
  - [    3.30864E+02,    1.81959E+01,    0.00000E+00,    0.00000E+00,    0.00000E+00,    2.00259E+03]
# Quadrature point number:   23
Init_K_QP23: # 6 x 6
  - [    4.44908E+08,    8.01897E+05,    0.00000E+00,    0.00000E+00,    0.00000E+00,    5.12556E+08]
  - [    8.01897E+05,    4.68461E+08,    0.00000E+00,    0.00000E+00,    0.00000E+00,    3.37216E+07]
  - [    0.00000E+00,    0.00000E+00,    1.00716E+10,   -5.76013E+09,   -2.05962E+08,    0.00000E+00]
  - [    0.00000E+00,    0.00000E+00,   -5.76013E+09,    2.46522E+10,   -4.28935E+07,    0.00000E+00]
